load(":leetcode.bzl", "lc_deps", "lc_gen")

lc_deps()

[lc_gen(n) for n in [
    1,
    2,
    3,
    5,
    7,
    8,
    9,
    11,
    14,
    15,
    18,
    20,
    21,
    33,
    35,
    40,
    53,
    55,
    62,
    67,
    71,
    78,
    91,
    94,
    98,
    100,
    101,
    102,
    103,
    104,
    105,
    106,
    108,
    110,
    111,
    112,
    113,
    114,
    129,
    141,
    142,
    144,
    146,
    198,
    200,
    201,
    202,
    221,
    238,
    283,
    322,
    525,
    560,
    678,
    746,
    844,
    1008,
    1143,
    1277,
    1314,
]]
